{
	"project_settings": {
		"project_namespace": "gestures2",
		"project_resolution": [
			16,
			16
		],
		"target_minecraft_version": "1.20+",
		"rig_item": "minecraft:player_head",
		"rig_item_model": "",
		"rig_export_folder": "",
		"texture_export_folder": "",
		"enable_advanced_resource_pack_settings": false,
		"resource_pack_mcmeta": "/Users/tomalbrecht/Minecraft/minecraft-software/provim/provim_rp/pack.mcmeta",
		"verbose": true,
		"exporter": "animated_java:json_exporter"
	},
	"exporter_settings": {
		"output_file": "/tmp/normal.json"
	},
	"rig": {
		"default_pose": [
			{
				"uuid": "75b6ea1a-073d-79d0-6f2f-7eb41bcd9001",
				"matrix": [
					-1,
					0,
					-1.2246467991473532e-16,
					0,
					0,
					1,
					0,
					0,
					1.2246467991473532e-16,
					0,
					-1,
					0,
					0,
					1.671875,
					0,
					1
				]
			},
			{
				"uuid": "fd7c0f39-b83e-d6fa-63ec-59ea1c8a668a",
				"matrix": [
					-1,
					0,
					-1.2246467991473532e-16,
					0,
					0,
					1,
					0,
					0,
					1.2246467991473532e-16,
					0,
					-1,
					0,
					0,
					1.5,
					0,
					1
				]
			},
			{
				"uuid": "143a2a78-100c-e13f-7563-b32869ca0c33",
				"matrix": [
					-1,
					0,
					-1.2246467991473532e-16,
					0,
					-1.2246467991473532e-16,
					2.220446049250313e-16,
					1,
					0,
					2.719262146893782e-32,
					1,
					-2.220446049250313e-16,
					0,
					-0.375,
					0.71875,
					0.12499999999999996,
					1
				]
			},
			{
				"uuid": "2c3db723-21d8-1f80-412e-e73c14ee4cb3",
				"matrix": [
					-1,
					0,
					-1.2246467991473532e-16,
					0,
					0,
					1,
					0,
					0,
					1.2246467991473532e-16,
					0,
					-1,
					0,
					-0.375,
					1.375,
					-4.592425496802574e-17,
					1
				]
			},
			{
				"uuid": "ad31335d-fd75-8f45-39f2-8442d3ac9b0b",
				"matrix": [
					-1,
					0,
					-1.2246467991473532e-16,
					0,
					-1.2246467991473532e-16,
					2.220446049250313e-16,
					1,
					0,
					2.719262146893782e-32,
					1,
					-2.220446049250313e-16,
					0,
					0.375,
					0.71875,
					0.12500000000000006,
					1
				]
			},
			{
				"uuid": "787fcc9f-ba12-5313-1639-bdf9ba2e79cf",
				"matrix": [
					-1,
					0,
					-1.2246467991473532e-16,
					0,
					0,
					1,
					0,
					0,
					1.2246467991473532e-16,
					0,
					-1,
					0,
					0.375,
					1.375,
					4.592425496802574e-17,
					1
				]
			},
			{
				"uuid": "2ad9f081-c775-ba36-359b-469065391598",
				"matrix": [
					-1,
					0,
					-1.2246467991473532e-16,
					0,
					0,
					1,
					0,
					0,
					1.2246467991473532e-16,
					0,
					-1,
					0,
					0,
					0.875,
					0,
					1
				]
			},
			{
				"uuid": "628e82f7-9a35-9267-39cb-ebe43519a7e3",
				"matrix": [
					-1,
					0,
					-1.2246467991473532e-16,
					0,
					0,
					1,
					0,
					0,
					1.2246467991473532e-16,
					0,
					-1,
					0,
					-0.125,
					0.8125,
					-1.5308084989341915e-17,
					1
				]
			},
			{
				"uuid": "27b11a0e-fd44-c101-1e12-6caa83bd474a",
				"matrix": [
					-1,
					0,
					-1.2246467991473532e-16,
					0,
					0,
					1,
					0,
					0,
					1.2246467991473532e-16,
					0,
					-1,
					0,
					0.125,
					0.8125,
					1.5308084989341915e-17,
					1
				]
			}
		],
		"node_map": {
			"75b6ea1a-073d-79d0-6f2f-7eb41bcd9001": {
				"type": "locator",
				"name": "hat",
				"uuid": "75b6ea1a-073d-79d0-6f2f-7eb41bcd9001",
				"nbt": "{}",
				"entity_type": "minecraft:item_display"
			},
			"fd7c0f39-b83e-d6fa-63ec-59ea1c8a668a": {
				"type": "bone",
				"name": "head",
				"uuid": "fd7c0f39-b83e-d6fa-63ec-59ea1c8a668a",
				"nbt": "{}",
				"custom_model_data": 2,
				"resource_location": "animated_java:item/gestures2/head"
			},
			"143a2a78-100c-e13f-7563-b32869ca0c33": {
				"type": "locator",
				"name": "mainhand",
				"uuid": "143a2a78-100c-e13f-7563-b32869ca0c33",
				"nbt": "{}",
				"entity_type": "minecraft:item_display"
			},
			"2c3db723-21d8-1f80-412e-e73c14ee4cb3": {
				"type": "bone",
				"name": "arm_r",
				"uuid": "2c3db723-21d8-1f80-412e-e73c14ee4cb3",
				"nbt": "{}",
				"custom_model_data": 3,
				"resource_location": "animated_java:item/gestures2/arm_r"
			},
			"ad31335d-fd75-8f45-39f2-8442d3ac9b0b": {
				"type": "locator",
				"name": "offhand",
				"uuid": "ad31335d-fd75-8f45-39f2-8442d3ac9b0b",
				"nbt": "{}",
				"entity_type": "minecraft:item_display"
			},
			"787fcc9f-ba12-5313-1639-bdf9ba2e79cf": {
				"type": "bone",
				"name": "arm_l",
				"uuid": "787fcc9f-ba12-5313-1639-bdf9ba2e79cf",
				"nbt": "{}",
				"custom_model_data": 4,
				"resource_location": "animated_java:item/gestures2/arm_l"
			},
			"2ad9f081-c775-ba36-359b-469065391598": {
				"type": "bone",
				"name": "body",
				"uuid": "2ad9f081-c775-ba36-359b-469065391598",
				"nbt": "{}",
				"custom_model_data": 5,
				"resource_location": "animated_java:item/gestures2/body"
			},
			"628e82f7-9a35-9267-39cb-ebe43519a7e3": {
				"type": "bone",
				"name": "leg_r",
				"uuid": "628e82f7-9a35-9267-39cb-ebe43519a7e3",
				"nbt": "{}",
				"custom_model_data": 6,
				"resource_location": "animated_java:item/gestures2/leg_r"
			},
			"27b11a0e-fd44-c101-1e12-6caa83bd474a": {
				"type": "bone",
				"name": "leg_l",
				"uuid": "27b11a0e-fd44-c101-1e12-6caa83bd474a",
				"nbt": "{}",
				"custom_model_data": 7,
				"resource_location": "animated_java:item/gestures2/leg_l"
			}
		}
	},
	"variants": {},
	"animations": {
		"walk": {
			"start_delay": 0,
			"loop_delay": 0,
			"frames": [
				{
					"nodes": [
						{
							"uuid": "75b6ea1a-073d-79d0-6f2f-7eb41bcd9001",
							"matrix": [
								-1,
								0,
								-1.2246467991473532e-16,
								0,
								0,
								1,
								0,
								0,
								1.2246467991473532e-16,
								0,
								-1,
								0,
								0,
								1.671875,
								0,
								1
							]
						},
						{
							"uuid": "fd7c0f39-b83e-d6fa-63ec-59ea1c8a668a",
							"matrix": [
								-1,
								0,
								-1.2246467991473532e-16,
								0,
								0,
								1,
								0,
								0,
								1.2246467991473532e-16,
								0,
								-1,
								0,
								0,
								1.5,
								0,
								1
							]
						},
						{
							"uuid": "143a2a78-100c-e13f-7563-b32869ca0c33",
							"matrix": [
								-1,
								0,
								-1.2246467991473532e-16,
								0,
								-1.2246467991473532e-16,
								2.220446049250313e-16,
								1,
								0,
								2.719262146893782e-32,
								1,
								-2.220446049250313e-16,
								0,
								-0.375,
								0.71875,
								0.12499999999999996,
								1
							]
						},
						{
							"uuid": "2c3db723-21d8-1f80-412e-e73c14ee4cb3",
							"matrix": [
								-1,
								0,
								-1.2246467991473532e-16,
								0,
								0,
								1,
								0,
								0,
								1.2246467991473532e-16,
								0,
								-1,
								0,
								-0.375,
								1.375,
								-4.592425496802574e-17,
								1
							]
						},
						{
							"uuid": "ad31335d-fd75-8f45-39f2-8442d3ac9b0b",
							"matrix": [
								-1,
								0,
								-1.2246467991473532e-16,
								0,
								-1.2246467991473532e-16,
								2.220446049250313e-16,
								1,
								0,
								2.719262146893782e-32,
								1,
								-2.220446049250313e-16,
								0,
								0.375,
								0.71875,
								0.12500000000000006,
								1
							]
						},
						{
							"uuid": "787fcc9f-ba12-5313-1639-bdf9ba2e79cf",
							"matrix": [
								-1,
								0,
								-1.2246467991473532e-16,
								0,
								0,
								1,
								0,
								0,
								1.2246467991473532e-16,
								0,
								-1,
								0,
								0.375,
								1.375,
								4.592425496802574e-17,
								1
							]
						},
						{
							"uuid": "2ad9f081-c775-ba36-359b-469065391598",
							"matrix": [
								-1,
								0,
								-1.2246467991473532e-16,
								0,
								0,
								1,
								0,
								0,
								1.2246467991473532e-16,
								0,
								-1,
								0,
								0,
								0.875,
								0,
								1
							]
						},
						{
							"uuid": "628e82f7-9a35-9267-39cb-ebe43519a7e3",
							"matrix": [
								-1,
								0,
								-1.2246467991473532e-16,
								0,
								0,
								1,
								0,
								0,
								1.2246467991473532e-16,
								0,
								-1,
								0,
								-0.125,
								0.8125,
								-1.5308084989341915e-17,
								1
							]
						},
						{
							"uuid": "27b11a0e-fd44-c101-1e12-6caa83bd474a",
							"matrix": [
								-1,
								0,
								-1.2246467991473532e-16,
								0,
								0,
								1,
								0,
								0,
								1.2246467991473532e-16,
								0,
								-1,
								0,
								0.125,
								0.8125,
								1.5308084989341915e-17,
								1
							]
						}
					],
					"time": 0
				},
				{
					"nodes": [
						{
							"uuid": "75b6ea1a-073d-79d0-6f2f-7eb41bcd9001",
							"matrix": [
								-1,
								0,
								-1.2246467991473532e-16,
								0,
								4.807940770445818e-18,
								0.9992290362407229,
								-0.0392598157590686,
								0,
								1.223702640847296e-16,
								-0.0392598157590686,
								-0.9992290362407229,
								0,
								8.26364819920375e-19,
								1.6717424906038743,
								-0.006747780833589916,
								1
							]
						},
						{
							"uuid": "fd7c0f39-b83e-d6fa-63ec-59ea1c8a668a",
							"matrix": [
								-1,
								0,
								-1.2246467991473532e-16,
								0,
								4.807940770445818e-18,
								0.9992290362407229,
								-0.0392598157590686,
								0,
								1.223702640847296e-16,
								-0.0392598157590686,
								-0.9992290362407229,
								0,
								0,
								1.5,
								0,
								1
							]
						},
						{
							"uuid": "143a2a78-100c-e13f-7563-b32869ca0c33",
							"matrix": [
								-1,
								0,
								-1.2246467991473532e-16,
								0,
								-1.2095693648649962e-16,
								-0.15643446504023065,
								0.9876883405951378,
								0,
								-1.9157696688784698e-17,
								0.9876883405951378,
								0.15643446504023065,
								0,
								-0.375,
								0.707275218354412,
								0.020800924891740662,
								1
							]
						},
						{
							"uuid": "2c3db723-21d8-1f80-412e-e73c14ee4cb3",
							"matrix": [
								-1,
								0,
								-1.2246467991473532e-16,
								0,
								-1.9157696688784726e-17,
								0.9876883405951378,
								0.15643446504023087,
								0,
								1.2095693648649962e-16,
								0.15643446504023087,
								-0.9876883405951378,
								0,
								-0.375,
								1.375,
								-4.592425496802574e-17,
								1
							]
						},
						{
							"uuid": "ad31335d-fd75-8f45-39f2-8442d3ac9b0b",
							"matrix": [
								-1,
								0,
								-1.2246467991473532e-16,
								0,
								-1.2095693648649962e-16,
								0.1564344650402311,
								0.9876883405951378,
								0,
								1.9157696688784753e-17,
								0.9876883405951378,
								-0.1564344650402311,
								0,
								0.375,
								0.7463838346144698,
								0.2261211602570438,
								1
							]
						},
						{
							"uuid": "787fcc9f-ba12-5313-1639-bdf9ba2e79cf",
							"matrix": [
								-1,
								0,
								-1.2246467991473532e-16,
								0,
								1.9157696688784726e-17,
								0.9876883405951378,
								-0.15643446504023087,
								0,
								1.2095693648649962e-16,
								-0.15643446504023087,
								-0.9876883405951378,
								0,
								0.375,
								1.375,
								4.592425496802574e-17,
								1
							]
						},
						{
							"uuid": "628e82f7-9a35-9267-39cb-ebe43519a7e3",
							"matrix": [
								-1,
								0,
								-1.2246467991473532e-16,
								0,
								2.5461838666528304e-17,
								0.9781476007338057,
								-0.2079116908177593,
								0,
								1.1978853283323184e-16,
								-0.2079116908177593,
								-0.9781476007338057,
								0,
								-0.125,
								0.8125,
								-1.5308084989341915e-17,
								1
							]
						},
						{
							"uuid": "27b11a0e-fd44-c101-1e12-6caa83bd474a",
							"matrix": [
								-1,
								0,
								-1.2246467991473532e-16,
								0,
								-2.5461838666528304e-17,
								0.9781476007338057,
								0.2079116908177593,
								0,
								1.1978853283323184e-16,
								0.2079116908177593,
								-0.9781476007338057,
								0,
								0.125,
								0.8125,
								1.5308084989341915e-17,
								1
							]
						}
					],
					"time": 0.05
				},
				{
					"nodes": [
						{
							"uuid": "75b6ea1a-073d-79d0-6f2f-7eb41bcd9001",
							"matrix": [
								-1,
								0,
								-1.2246467991473532e-16,
								0,
								9.608468044710109e-18,
								0.996917333733128,
								-0.07845909572784494,
								0,
								1.220871621770789e-16,
								-0.07845909572784494,
								-0.996917333733128,
								0,
								1.65145544518455e-18,
								1.6713451667353814,
								-0.013485157078223349,
								1
							]
						},
						{
							"uuid": "fd7c0f39-b83e-d6fa-63ec-59ea1c8a668a",
							"matrix": [
								-1,
								0,
								-1.2246467991473532e-16,
								0,
								9.608468044710109e-18,
								0.996917333733128,
								-0.07845909572784494,
								0,
								1.220871621770789e-16,
								-0.07845909572784494,
								-0.996917333733128,
								0,
								0,
								1.5,
								0,
								1
							]
						},
						{
							"uuid": "143a2a78-100c-e13f-7563-b32869ca0c33",
							"matrix": [
								-1,
								0,
								-1.2246467991473532e-16,
								0,
								-1.1647083184890923e-16,
								-0.30901699437494723,
								0.9510565162951536,
								0,
								-3.784366730434148e-17,
								0.9510565162951536,
								0.30901699437494723,
								0,
								-0.375,
								0.7122420368844371,
								-0.08391033802166512,
								1
							]
						},
						{
							"uuid": "2c3db723-21d8-1f80-412e-e73c14ee4cb3",
							"matrix": [
								-1,
								0,
								-1.2246467991473532e-16,
								0,
								-3.7843667304341506e-17,
								0.9510565162951535,
								0.30901699437494745,
								0,
								1.1647083184890923e-16,
								0.30901699437494745,
								-0.9510565162951535,
								0,
								-0.375,
								1.375,
								-4.592425496802574e-17,
								1
							]
						},
						{
							"uuid": "ad31335d-fd75-8f45-39f2-8442d3ac9b0b",
							"matrix": [
								-1,
								0,
								-1.2246467991473532e-16,
								0,
								-1.1647083184890923e-16,
								0.3090169943749477,
								0.9510565162951534,
								0,
								3.784366730434153e-17,
								0.9510565162951534,
								-0.3090169943749477,
								0,
								0.37499999999999994,
								0.789496285478174,
								0.3216744670954535,
								1
							]
						},
						{
							"uuid": "787fcc9f-ba12-5313-1639-bdf9ba2e79cf",
							"matrix": [
								-1,
								0,
								-1.2246467991473532e-16,
								0,
								3.7843667304341506e-17,
								0.9510565162951535,
								-0.30901699437494745,
								0,
								1.1647083184890923e-16,
								-0.30901699437494745,
								-0.9510565162951535,
								0,
								0.375,
								1.375,
								4.592425496802574e-17,
								1
							]
						},
						{
							"uuid": "628e82f7-9a35-9267-39cb-ebe43519a7e3",
							"matrix": [
								-1,
								0,
								-1.2246467991473532e-16,
								0,
								4.981087280387182e-17,
								0.9135454576426009,
								-0.4067366430758002,
								0,
								1.1187705205776151e-16,
								-0.4067366430758002,
								-0.9135454576426009,
								0,
								-0.125,
								0.8125,
								-1.5308084989341915e-17,
								1
							]
						},
						{
							"uuid": "27b11a0e-fd44-c101-1e12-6caa83bd474a",
							"matrix": [
								-1,
								0,
								-1.2246467991473532e-16,
								0,
								-4.981087280387182e-17,
								0.9135454576426009,
								0.4067366430758002,
								0,
								1.1187705205776151e-16,
								0.4067366430758002,
								-0.9135454576426009,
								0,
								0.125,
								0.8125,
								1.5308084989341915e-17,
								1
							]
						}
					],
					"time": 0.1
				},
				{
					"nodes": [
						{
							"uuid": "75b6ea1a-073d-79d0-6f2f-7eb41bcd9001",
							"matrix": [
								-1,
								0,
								-1.2246467991473532e-16,
								0,
								1.4394179757685112e-17,
								0.9930684569549263,
								-0.11753739745783764,
								0,
								1.2161581071440516e-16,
								-0.11753739745783764,
								-0.9930684569549263,
								0,
								2.4739996458521287e-18,
								1.670683641039128,
								-0.020201740188065843,
								1
							]
						},
						{
							"uuid": "fd7c0f39-b83e-d6fa-63ec-59ea1c8a668a",
							"matrix": [
								-1,
								0,
								-1.2246467991473532e-16,
								0,
								1.4394179757685112e-17,
								0.9930684569549263,
								-0.11753739745783764,
								0,
								1.2161581071440516e-16,
								-0.11753739745783764,
								-0.9930684569549263,
								0,
								0,
								1.5,
								0,
								1
							]
						},
						{
							"uuid": "143a2a78-100c-e13f-7563-b32869ca0c33",
							"matrix": [
								-1,
								0,
								-1.2246467991473532e-16,
								0,
								-1.0911682878666936e-16,
								-0.4539904997395465,
								0.891006524188368,
								0,
								-5.559780123493429e-17,
								0.891006524188368,
								0.4539904997395465,
								0,
								-0.375,
								0.7335281560339402,
								-0.18655544993053164,
								1
							]
						},
						{
							"uuid": "2c3db723-21d8-1f80-412e-e73c14ee4cb3",
							"matrix": [
								-1,
								0,
								-1.2246467991473532e-16,
								0,
								-5.559780123493432e-17,
								0.8910065241883679,
								0.45399049973954675,
								0,
								1.0911682878666935e-16,
								0.45399049973954675,
								-0.8910065241883679,
								0,
								-0.375,
								1.375,
								-4.592425496802574e-17,
								1
							]
						},
						{
							"uuid": "ad31335d-fd75-8f45-39f2-8442d3ac9b0b",
							"matrix": [
								-1,
								0,
								-1.2246467991473532e-16,
								0,
								-1.0911682878666934e-16,
								0.45399049973954697,
								0.8910065241883678,
								0,
								5.559780123493434e-17,
								0.8910065241883678,
								-0.45399049973954697,
								0,
								0.37499999999999994,
								0.8470257809688269,
								0.4093070809776236,
								1
							]
						},
						{
							"uuid": "787fcc9f-ba12-5313-1639-bdf9ba2e79cf",
							"matrix": [
								-1,
								0,
								-1.2246467991473532e-16,
								0,
								5.559780123493432e-17,
								0.8910065241883679,
								-0.45399049973954675,
								0,
								1.0911682878666935e-16,
								-0.45399049973954675,
								-0.8910065241883679,
								0,
								0.375,
								1.375,
								4.592425496802574e-17,
								1
							]
						},
						{
							"uuid": "628e82f7-9a35-9267-39cb-ebe43519a7e3",
							"matrix": [
								-1,
								0,
								-1.2246467991473532e-16,
								0,
								7.198293278059965e-17,
								0.8090169943749475,
								-0.587785252292473,
								0,
								9.907600726170916e-17,
								-0.587785252292473,
								-0.8090169943749475,
								0,
								-0.125,
								0.8125,
								-1.5308084989341915e-17,
								1
							]
						},
						{
							"uuid": "27b11a0e-fd44-c101-1e12-6caa83bd474a",
							"matrix": [
								-1,
								0,
								-1.2246467991473532e-16,
								0,
								-7.198293278059965e-17,
								0.8090169943749475,
								0.587785252292473,
								0,
								9.907600726170916e-17,
								0.587785252292473,
								-0.8090169943749475,
								0,
								0.125,
								0.8125,
								1.5308084989341915e-17,
								1
							]
						}
					],
					"time": 0.15
				},
				{
					"nodes": [
						{
							"uuid": "75b6ea1a-073d-79d0-6f2f-7eb41bcd9001",
							"matrix": [
								-1,
								0,
								-1.2246467991473532e-16,
								0,
								1.9157696688784726e-17,
								0.9876883405951378,
								-0.15643446504023087,
								0,
								1.2095693648649962e-16,
								-0.15643446504023087,
								-0.9876883405951378,
								0,
								3.2927291183848748e-18,
								1.6697589335397893,
								-0.02688717367878968,
								1
							]
						},
						{
							"uuid": "fd7c0f39-b83e-d6fa-63ec-59ea1c8a668a",
							"matrix": [
								-1,
								0,
								-1.2246467991473532e-16,
								0,
								1.9157696688784726e-17,
								0.9876883405951378,
								-0.15643446504023087,
								0,
								1.2095693648649962e-16,
								-0.15643446504023087,
								-0.9876883405951378,
								0,
								0,
								1.5,
								0,
								1
							]
						},
						{
							"uuid": "143a2a78-100c-e13f-7563-b32869ca0c33",
							"matrix": [
								-1,
								0,
								-1.2246467991473532e-16,
								0,
								-9.907600726170917e-17,
								-0.5877852522924728,
								0.8090169943749476,
								0,
								-7.198293278059963e-17,
								0.8090169943749476,
								0.5877852522924728,
								0,
								-0.37499999999999994,
								0.7706094409048816,
								-0.28460694752006704,
								1
							]
						},
						{
							"uuid": "2c3db723-21d8-1f80-412e-e73c14ee4cb3",
							"matrix": [
								-1,
								0,
								-1.2246467991473532e-16,
								0,
								-7.198293278059965e-17,
								0.8090169943749475,
								0.587785252292473,
								0,
								9.907600726170916e-17,
								0.587785252292473,
								-0.8090169943749475,
								0,
								-0.375,
								1.375,
								-4.592425496802574e-17,
								1
							]
						},
						{
							"uuid": "ad31335d-fd75-8f45-39f2-8442d3ac9b0b",
							"matrix": [
								-1,
								0,
								-1.2246467991473532e-16,
								0,
								-9.907600726170915e-17,
								0.5877852522924732,
								0.8090169943749473,
								0,
								7.198293278059968e-17,
								0.8090169943749473,
								-0.5877852522924732,
								0,
								0.37499999999999994,
								0.9175557539779999,
								0.4868611961138039,
								1
							]
						},
						{
							"uuid": "787fcc9f-ba12-5313-1639-bdf9ba2e79cf",
							"matrix": [
								-1,
								0,
								-1.2246467991473532e-16,
								0,
								7.198293278059965e-17,
								0.8090169943749475,
								-0.587785252292473,
								0,
								9.907600726170916e-17,
								-0.587785252292473,
								-0.8090169943749475,
								0,
								0.375,
								1.375,
								4.592425496802574e-17,
								1
							]
						},
						{
							"uuid": "628e82f7-9a35-9267-39cb-ebe43519a7e3",
							"matrix": [
								-1,
								0,
								-1.2246467991473532e-16,
								0,
								9.100899318238091e-17,
								0.6691306063588582,
								-0.7431448254773941,
								0,
								8.194486552889033e-17,
								-0.7431448254773941,
								-0.6691306063588582,
								0,
								-0.125,
								0.8125,
								-1.5308084989341915e-17,
								1
							]
						},
						{
							"uuid": "27b11a0e-fd44-c101-1e12-6caa83bd474a",
							"matrix": [
								-1,
								0,
								-1.2246467991473532e-16,
								0,
								-9.100899318238091e-17,
								0.6691306063588582,
								0.7431448254773941,
								0,
								8.194486552889033e-17,
								0.7431448254773941,
								-0.6691306063588582,
								0,
								0.125,
								0.8125,
								1.5308084989341915e-17,
								1
							]
						}
					],
					"time": 0.2
				},
				{
					"nodes": [
						{
							"uuid": "75b6ea1a-073d-79d0-6f2f-7eb41bcd9001",
							"matrix": [
								-1,
								0,
								-1.2246467991473532e-16,
								0,
								2.389167384016779e-17,
								0.9807852804032304,
								-0.19509032201612828,
								0,
								1.2011155542966555e-16,
								-0.19509032201612828,
								-0.9807852804032304,
								0,
								4.106381441278839e-18,
								1.6685724700693052,
								-0.03353114909652205,
								1
							]
						},
						{
							"uuid": "fd7c0f39-b83e-d6fa-63ec-59ea1c8a668a",
							"matrix": [
								-1,
								0,
								-1.2246467991473532e-16,
								0,
								2.389167384016779e-17,
								0.9807852804032304,
								-0.19509032201612828,
								0,
								1.2011155542966555e-16,
								-0.19509032201612828,
								-0.9807852804032304,
								0,
								0,
								1.5,
								0,
								1
							]
						},
						{
							"uuid": "143a2a78-100c-e13f-7563-b32869ca0c33",
							"matrix": [
								-1,
								0,
								-1.2246467991473532e-16,
								0,
								-8.659560562354934e-17,
								-0.7071067811865475,
								0.7071067811865476,
								0,
								-8.659560562354932e-17,
								0.7071067811865476,
								0.7071067811865475,
								0,
								-0.37499999999999994,
								0.8225728271980097,
								-0.37565047750535346,
								1
							]
						},
						{
							"uuid": "2c3db723-21d8-1f80-412e-e73c14ee4cb3",
							"matrix": [
								-1,
								0,
								-1.2246467991473532e-16,
								0,
								-8.659560562354934e-17,
								0.7071067811865475,
								0.7071067811865476,
								0,
								8.659560562354932e-17,
								0.7071067811865476,
								-0.7071067811865475,
								0,
								-0.375,
								1.375,
								-4.592425496802574e-17,
								1
							]
						},
						{
							"uuid": "ad31335d-fd75-8f45-39f2-8442d3ac9b0b",
							"matrix": [
								-1,
								0,
								-1.2246467991473532e-16,
								0,
								-8.659560562354929e-17,
								0.7071067811865477,
								0.7071067811865474,
								0,
								8.659560562354937e-17,
								0.7071067811865474,
								-0.7071067811865477,
								0,
								0.37499999999999994,
								0.9993495224946467,
								0.5524271728019903,
								1
							]
						},
						{
							"uuid": "787fcc9f-ba12-5313-1639-bdf9ba2e79cf",
							"matrix": [
								-1,
								0,
								-1.2246467991473532e-16,
								0,
								8.659560562354934e-17,
								0.7071067811865475,
								-0.7071067811865476,
								0,
								8.659560562354932e-17,
								-0.7071067811865476,
								-0.7071067811865475,
								0,
								0.375,
								1.375,
								4.592425496802574e-17,
								1
							]
						},
						{
							"uuid": "628e82f7-9a35-9267-39cb-ebe43519a7e3",
							"matrix": [
								-1,
								0,
								-1.2246467991473532e-16,
								0,
								1.0605752387249068e-16,
								0.5000000000000001,
								-0.8660254037844386,
								0,
								6.123233995736767e-17,
								-0.8660254037844386,
								-0.5000000000000001,
								0,
								-0.125,
								0.8125,
								-1.5308084989341915e-17,
								1
							]
						},
						{
							"uuid": "27b11a0e-fd44-c101-1e12-6caa83bd474a",
							"matrix": [
								-1,
								0,
								-1.2246467991473532e-16,
								0,
								-1.0605752387249068e-16,
								0.5000000000000001,
								0.8660254037844386,
								0,
								6.123233995736767e-17,
								0.8660254037844386,
								-0.5000000000000001,
								0,
								0.125,
								0.8125,
								1.5308084989341915e-17,
								1
							]
						}
					],
					"time": 0.25
				},
				{
					"nodes": [
						{
							"uuid": "75b6ea1a-073d-79d0-6f2f-7eb41bcd9001",
							"matrix": [
								-1,
								0,
								-1.2246467991473532e-16,
								0,
								2.8588811762192377e-17,
								0.9723699203976766,
								-0.23344536385590542,
								0,
								1.1908097106021811e-16,
								-0.23344536385590542,
								-0.9723699203976766,
								0,
								4.913702021626815e-18,
								1.6671260800683507,
								-0.04012342191273374,
								1
							]
						},
						{
							"uuid": "fd7c0f39-b83e-d6fa-63ec-59ea1c8a668a",
							"matrix": [
								-1,
								0,
								-1.2246467991473532e-16,
								0,
								2.8588811762192377e-17,
								0.9723699203976766,
								-0.23344536385590542,
								0,
								1.1908097106021811e-16,
								-0.23344536385590542,
								-0.9723699203976766,
								0,
								0,
								1.5,
								0,
								1
							]
						},
						{
							"uuid": "143a2a78-100c-e13f-7563-b32869ca0c33",
							"matrix": [
								-1,
								0,
								-1.2246467991473532e-16,
								0,
								-9.907600726170917e-17,
								-0.5877852522924728,
								0.8090169943749476,
								0,
								-7.198293278059963e-17,
								0.8090169943749476,
								0.5877852522924728,
								0,
								-0.37499999999999994,
								0.7706094409048816,
								-0.28460694752006704,
								1
							]
						},
						{
							"uuid": "2c3db723-21d8-1f80-412e-e73c14ee4cb3",
							"matrix": [
								-1,
								0,
								-1.2246467991473532e-16,
								0,
								-7.198293278059965e-17,
								0.8090169943749475,
								0.587785252292473,
								0,
								9.907600726170916e-17,
								0.587785252292473,
								-0.8090169943749475,
								0,
								-0.375,
								1.375,
								-4.592425496802574e-17,
								1
							]
						},
						{
							"uuid": "ad31335d-fd75-8f45-39f2-8442d3ac9b0b",
							"matrix": [
								-1,
								0,
								-1.2246467991473532e-16,
								0,
								-9.907600726170915e-17,
								0.5877852522924732,
								0.8090169943749473,
								0,
								7.198293278059968e-17,
								0.8090169943749473,
								-0.5877852522924732,
								0,
								0.37499999999999994,
								0.9175557539779999,
								0.4868611961138039,
								1
							]
						},
						{
							"uuid": "787fcc9f-ba12-5313-1639-bdf9ba2e79cf",
							"matrix": [
								-1,
								0,
								-1.2246467991473532e-16,
								0,
								7.198293278059965e-17,
								0.8090169943749475,
								-0.587785252292473,
								0,
								9.907600726170916e-17,
								-0.587785252292473,
								-0.8090169943749475,
								0,
								0.375,
								1.375,
								4.592425496802574e-17,
								1
							]
						},
						{
							"uuid": "628e82f7-9a35-9267-39cb-ebe43519a7e3",
							"matrix": [
								-1,
								0,
								-1.2246467991473532e-16,
								0,
								9.100899318238091e-17,
								0.6691306063588582,
								-0.7431448254773941,
								0,
								8.194486552889033e-17,
								-0.7431448254773941,
								-0.6691306063588582,
								0,
								-0.125,
								0.8125,
								-1.5308084989341915e-17,
								1
							]
						},
						{
							"uuid": "27b11a0e-fd44-c101-1e12-6caa83bd474a",
							"matrix": [
								-1,
								0,
								-1.2246467991473532e-16,
								0,
								-9.100899318238091e-17,
								0.6691306063588582,
								0.7431448254773941,
								0,
								8.194486552889033e-17,
								0.7431448254773941,
								-0.6691306063588582,
								0,
								0.125,
								0.8125,
								1.5308084989341915e-17,
								1
							]
						}
					],
					"time": 0.3
				},
				{
					"nodes": [
						{
							"uuid": "75b6ea1a-073d-79d0-6f2f-7eb41bcd9001",
							"matrix": [
								-1,
								0,
								-1.2246467991473532e-16,
								0,
								3.3241867808638065e-17,
								0.9624552364536473,
								-0.27144044986507415,
								0,
								1.1786677246455682e-16,
								-0.27144044986507415,
								-0.9624552364536473,
								0,
								5.7134460296096674e-18,
								1.6654219937654706,
								-0.04665382732055962,
								1
							]
						},
						{
							"uuid": "fd7c0f39-b83e-d6fa-63ec-59ea1c8a668a",
							"matrix": [
								-1,
								0,
								-1.2246467991473532e-16,
								0,
								3.3241867808638065e-17,
								0.9624552364536473,
								-0.27144044986507415,
								0,
								1.1786677246455682e-16,
								-0.27144044986507415,
								-0.9624552364536473,
								0,
								0,
								1.5,
								0,
								1
							]
						},
						{
							"uuid": "143a2a78-100c-e13f-7563-b32869ca0c33",
							"matrix": [
								-1,
								0,
								-1.2246467991473532e-16,
								0,
								-1.0911682878666936e-16,
								-0.4539904997395466,
								0.891006524188368,
								0,
								-5.55978012349343e-17,
								0.891006524188368,
								0.4539904997395466,
								0,
								-0.375,
								0.7335281560339402,
								-0.1865554499305317,
								1
							]
						},
						{
							"uuid": "2c3db723-21d8-1f80-412e-e73c14ee4cb3",
							"matrix": [
								-1,
								0,
								-1.2246467991473532e-16,
								0,
								-5.559780123493433e-17,
								0.8910065241883679,
								0.4539904997395468,
								0,
								1.0911682878666935e-16,
								0.4539904997395468,
								-0.8910065241883679,
								0,
								-0.375,
								1.375,
								-4.592425496802574e-17,
								1
							]
						},
						{
							"uuid": "ad31335d-fd75-8f45-39f2-8442d3ac9b0b",
							"matrix": [
								-1,
								0,
								-1.2246467991473532e-16,
								0,
								-1.0911682878666934e-16,
								0.453990499739547,
								0.8910065241883678,
								0,
								5.559780123493435e-17,
								0.8910065241883678,
								-0.453990499739547,
								0,
								0.37499999999999994,
								0.8470257809688269,
								0.40930708097762364,
								1
							]
						},
						{
							"uuid": "787fcc9f-ba12-5313-1639-bdf9ba2e79cf",
							"matrix": [
								-1,
								0,
								-1.2246467991473532e-16,
								0,
								5.559780123493433e-17,
								0.8910065241883679,
								-0.4539904997395468,
								0,
								1.0911682878666935e-16,
								-0.4539904997395468,
								-0.8910065241883679,
								0,
								0.375,
								1.375,
								4.592425496802574e-17,
								1
							]
						},
						{
							"uuid": "628e82f7-9a35-9267-39cb-ebe43519a7e3",
							"matrix": [
								-1,
								0,
								-1.2246467991473532e-16,
								0,
								7.198293278059966e-17,
								0.8090169943749475,
								-0.5877852522924731,
								0,
								9.907600726170916e-17,
								-0.5877852522924731,
								-0.8090169943749475,
								0,
								-0.125,
								0.8125,
								-1.5308084989341915e-17,
								1
							]
						},
						{
							"uuid": "27b11a0e-fd44-c101-1e12-6caa83bd474a",
							"matrix": [
								-1,
								0,
								-1.2246467991473532e-16,
								0,
								-7.198293278059966e-17,
								0.8090169943749475,
								0.5877852522924731,
								0,
								9.907600726170916e-17,
								0.5877852522924731,
								-0.8090169943749475,
								0,
								0.125,
								0.8125,
								1.5308084989341915e-17,
								1
							]
						}
					],
					"time": 0.35
				},
				{
					"nodes": [
						{
							"uuid": "75b6ea1a-073d-79d0-6f2f-7eb41bcd9001",
							"matrix": [
								-1,
								0,
								-1.2246467991473532e-16,
								0,
								3.7843667304341506e-17,
								0.9510565162951535,
								-0.30901699437494745,
								0,
								1.1647083184890923e-16,
								-0.30901699437494745,
								-0.9510565162951535,
								0,
								6.5043803179336966e-18,
								1.6634628387382295,
								-0.05311229590819409,
								1
							]
						},
						{
							"uuid": "fd7c0f39-b83e-d6fa-63ec-59ea1c8a668a",
							"matrix": [
								-1,
								0,
								-1.2246467991473532e-16,
								0,
								3.7843667304341506e-17,
								0.9510565162951535,
								-0.30901699437494745,
								0,
								1.1647083184890923e-16,
								-0.30901699437494745,
								-0.9510565162951535,
								0,
								0,
								1.5,
								0,
								1
							]
						},
						{
							"uuid": "143a2a78-100c-e13f-7563-b32869ca0c33",
							"matrix": [
								-1,
								0,
								-1.2246467991473532e-16,
								0,
								-1.1647083184890926e-16,
								-0.3090169943749472,
								0.9510565162951538,
								0,
								-3.7843667304341475e-17,
								0.9510565162951538,
								0.3090169943749472,
								0,
								-0.375,
								0.712242036884437,
								-0.08391033802166507,
								1
							]
						},
						{
							"uuid": "2c3db723-21d8-1f80-412e-e73c14ee4cb3",
							"matrix": [
								-1,
								0,
								-1.2246467991473532e-16,
								0,
								-3.78436673043415e-17,
								0.9510565162951536,
								0.3090169943749474,
								0,
								1.1647083184890926e-16,
								0.3090169943749474,
								-0.9510565162951536,
								0,
								-0.375,
								1.375,
								-4.592425496802574e-17,
								1
							]
						},
						{
							"uuid": "ad31335d-fd75-8f45-39f2-8442d3ac9b0b",
							"matrix": [
								-1,
								0,
								-1.2246467991473532e-16,
								0,
								-1.1647083184890926e-16,
								0.3090169943749476,
								0.9510565162951535,
								0,
								3.7843667304341524e-17,
								0.9510565162951535,
								-0.3090169943749476,
								0,
								0.37499999999999994,
								0.7894962854781739,
								0.3216744670954535,
								1
							]
						},
						{
							"uuid": "787fcc9f-ba12-5313-1639-bdf9ba2e79cf",
							"matrix": [
								-1,
								0,
								-1.2246467991473532e-16,
								0,
								3.78436673043415e-17,
								0.9510565162951536,
								-0.3090169943749474,
								0,
								1.1647083184890926e-16,
								-0.3090169943749474,
								-0.9510565162951536,
								0,
								0.375,
								1.375,
								4.592425496802574e-17,
								1
							]
						},
						{
							"uuid": "628e82f7-9a35-9267-39cb-ebe43519a7e3",
							"matrix": [
								-1,
								0,
								-1.2246467991473532e-16,
								0,
								4.98108728038718e-17,
								0.913545457642601,
								-0.4067366430758001,
								0,
								1.1187705205776151e-16,
								-0.4067366430758001,
								-0.913545457642601,
								0,
								-0.125,
								0.8125,
								-1.5308084989341915e-17,
								1
							]
						},
						{
							"uuid": "27b11a0e-fd44-c101-1e12-6caa83bd474a",
							"matrix": [
								-1,
								0,
								-1.2246467991473532e-16,
								0,
								-4.98108728038718e-17,
								0.913545457642601,
								0.4067366430758001,
								0,
								1.1187705205776151e-16,
								0.4067366430758001,
								-0.913545457642601,
								0,
								0.125,
								0.8125,
								1.5308084989341915e-17,
								1
							]
						}
					],
					"time": 0.4
				},
				{
					"nodes": [
						{
							"uuid": "75b6ea1a-073d-79d0-6f2f-7eb41bcd9001",
							"matrix": [
								-1,
								0,
								-1.2246467991473532e-16,
								0,
								4.238711460802535e-17,
								0.9381913359224842,
								-0.34611705707749296,
								0,
								1.1489530165252494e-16,
								-0.34611705707749296,
								-0.9381913359224842,
								0,
								7.285285323254358e-18,
								1.661251635861677,
								-0.0594888691851941,
								1
							]
						},
						{
							"uuid": "fd7c0f39-b83e-d6fa-63ec-59ea1c8a668a",
							"matrix": [
								-1,
								0,
								-1.2246467991473532e-16,
								0,
								4.238711460802535e-17,
								0.9381913359224842,
								-0.34611705707749296,
								0,
								1.1489530165252494e-16,
								-0.34611705707749296,
								-0.9381913359224842,
								0,
								0,
								1.5,
								0,
								1
							]
						},
						{
							"uuid": "143a2a78-100c-e13f-7563-b32869ca0c33",
							"matrix": [
								-1,
								0,
								-1.2246467991473532e-16,
								0,
								-1.2095693648649962e-16,
								-0.15643446504023065,
								0.9876883405951378,
								0,
								-1.9157696688784698e-17,
								0.9876883405951378,
								0.15643446504023065,
								0,
								-0.375,
								0.707275218354412,
								0.020800924891740662,
								1
							]
						},
						{
							"uuid": "2c3db723-21d8-1f80-412e-e73c14ee4cb3",
							"matrix": [
								-1,
								0,
								-1.2246467991473532e-16,
								0,
								-1.9157696688784726e-17,
								0.9876883405951378,
								0.15643446504023087,
								0,
								1.2095693648649962e-16,
								0.15643446504023087,
								-0.9876883405951378,
								0,
								-0.375,
								1.375,
								-4.592425496802574e-17,
								1
							]
						},
						{
							"uuid": "ad31335d-fd75-8f45-39f2-8442d3ac9b0b",
							"matrix": [
								-1,
								0,
								-1.2246467991473532e-16,
								0,
								-1.2095693648649962e-16,
								0.1564344650402311,
								0.9876883405951378,
								0,
								1.9157696688784753e-17,
								0.9876883405951378,
								-0.1564344650402311,
								0,
								0.375,
								0.7463838346144698,
								0.2261211602570438,
								1
							]
						},
						{
							"uuid": "787fcc9f-ba12-5313-1639-bdf9ba2e79cf",
							"matrix": [
								-1,
								0,
								-1.2246467991473532e-16,
								0,
								1.9157696688784726e-17,
